348
1804
1810
1186
412
374
1838
360
406
1192
1179
2470
2316
3008
2302
2464
1145
1637
1151
2458
2869
638
176
88
610
1384
1390
604
2841
2699
162
189
2672
837
823
63
2666
2100
1409
2128
1421
1347
2896
2882
1353
1435
980
758
2909
994
1596
2921
764
770
2935
1582
2060
943
957
2074
1555
1233
1227
1541
2048
1970
1964
228
566
1794
200
1958
214
1780
2289
572
599
2504
2262
2276
2510
1019
2538
1031
1757
1743
1025
1742
1024
2539
1756
1018
2511
2505
598
2263
2288
1781
1959
573
567
201
1795
229
1965
1971
1226
2049
1540
1554
1232
2713
956
2075
1568
942
2707
2934
771
1583
1597
765
2920
2908
759
1352
2883
1434
1420
2129
2897
1346
2667
62
822
1408
2115
188
76
836
2673
2698
2840
605
1391
163
177
1385
611
89
2854
2868
1636
1150
1144
2303
2465
2471
1178
3009
2317
361
1193
413
1187
1839
375
1811
1805
349
439
1813
1807
405
1191
377
1185
411
2467
1608
2301
2315
2473
1152
1634
2329
1146
149
161
2842
613
1387
175
2103
820
60
2665
2671
834
74
1378
1436
2659
2881
1350
808
48
1344
2895
1422
983
2088
1581
773
2936
2922
767
1595
2077
1218
954
2711
2705
798
940
2063
1542
1224
1230
2739
1556
1967
1973
559
217
1783
203
2513
2261
1768
2507
1026
2249
1740
1998
1754
1032
1755
1033
1027
1999
1741
2248
1769
2260
2506
2512
2274
202
1796
564
570
1782
216
1972
558
1966
2738
1231
1557
1225
941
799
2704
2062
2710
955
1219
2923
1594
1580
2089
2937
772
982
2894
1345
49
809
1437
1351
2880
1379
2670
2116
2102
61
821
612
2857
174
160
2843
606
148
2328
1153
1635
2472
2300
1609
376
410
1184
1190
404
2499
362
1806
438
1812
366
400
1194
414
372
1816
1802
2338
1631
1157
1143
1625
399
2304
2476
2310
602
2847
164
170
2853
616
1382
158
2884
819
59
1433
1427
1341
2890
1369
2112
2674
831
71
776
2933
1584
1590
2099
2927
762
992
986
2728
1221
1547
1553
1235
979
789
951
2072
2066
2700
1209
945
212
1786
574
560
1792
206
1962
548
1976
1745
1023
1037
1751
1989
2258
1779
2270
2516
2502
2264
2503
2265
2271
1778
2517
1036
1750
1744
1022
1977
549
561
207
1793
1787
213
575
2067
944
1208
2701
2715
950
788
2073
1552
978
1234
2729
1546
993
2098
1591
763
2926
2932
777
1585
2113
70
830
2675
2661
64
1368
824
2107
1426
2649
1340
58
818
2885
1432
159
171
1383
2852
603
1397
165
2477
2311
2305
398
2463
1142
1624
1630
1156
1803
1817
2488
415
1181
373
401
371
1183
417
403
1197
365
1829
359
1815
1626
2449
1140
1154
1632
2313
2475
2461
1168
2307
2850
2688
615
1381
173
601
99
2844
629
2878
1342
2893
1424
8
2139
2887
1356
2677
832
72
1418
2111
2105
198
66
2663
2924
1593
1587
775
2930
985
2918
991
749
1236
2059
1550
1544
1222
2703
946
2065
2071
1578
952
2717
2298
1949
1791
205
563
577
1785
1975
1961
1034
1020
2529
1746
2267
1008
2501
2515
588
589
2514
2272
2266
2500
1009
2528
1021
1747
1753
1035
1960
1974
576
1784
210
204
1790
1948
562
1579
2070
2716
953
947
2702
2064
1545
1223
1237
1551
2058
748
990
2919
984
2931
774
760
2925
1592
199
2104
2662
67
73
833
2676
2110
1419
2138
9
1431
1357
2886
2892
1425
2879
628
166
2845
98
600
1380
614
2689
2851
172
1169
2460
2306
2312
2474
1155
1633
1627
1141
2448
1814
358
1800
1196
402
364
416
1182
1867
459
1873
1683
317
471
303
1697
2375
2413
2407
2361
2349
1898
1640
1126
1132
1654
897
129
883
673
2836
2188
1481
1495
101
2822
667
854
14
1318
2611
2177
2163
2605
840
698
868
28
1324
1442
1456
1330
2639
1293
2956
1287
713
920
2765
2003
2017
2771
1278
934
2981
2759
1250
1536
1244
2995
1913
539
263
2598
1091
505
511
1085
277
1708
2201
2567
2573
2215
288
1734
1052
1046
1720
2229
1047
2228
1735
2572
289
2214
2200
1709
2566
1084
510
276
262
504
1090
2599
1906
1912
538
1523
2994
909
1245
1251
2758
2980
1537
2016
935
1279
2770
2764
921
2002
712
2957
2943
1292
706
1457
2638
1331
1325
29
1443
2162
699
841
2604
1319
15
855
100
1494
666
2823
2837
672
1480
2189
882
896
128
1133
1641
1899
2348
1127
2406
1669
2360
2374
2412
464
1696
302
316
1682
458
1872
1866
1870
328
1864
300
466
1680
314
1858
2389
2362
2404
2410
1119
2376
1657
2438
1125
1643
2809
894
2821
664
1496
102
1482
670
2835
2606
843
1469
2160
857
17
2612
1333
1455
1441
2148
2969
738
2955
1284
710
704
1290
2799
2941
2772
2014
2000
1509
923
2766
1247
2996
1521
2982
1253
1904
248
1910
1938
274
512
1086
1092
506
260
2216
2570
2564
2202
1723
1045
1051
2558
1737
2559
1050
1722
1044
2565
2203
2217
2571
1078
507
1093
275
1939
1087
513
1911
1905
1534
1252
2997
1246
2001
2767
922
936
2773
2015
2940
2798
1291
705
711
1285
2954
739
2968
1440
1326
1332
1454
2175
856
842
2607
2161
1468
1483
117
671
665
2820
103
1497
895
2808
881
659
1642
1656
1130
2439
1118
2411
2377
2363
2405
498
473
2388
1859
315
1681
1695
301
467
1865
329
1871
463
2398
305
1691
1849
1685
311
477
339
1861
1134
1652
1646
1120
2429
1108
2401
2367
2373
2415
488
1493
107
2824
661
675
2830
1487
885
2818
649
891
2159
1450
1336
1322
1444
2165
2603
846
852
12
2617
2171
2788
2950
1281
701
1295
2944
729
2978
1524
1242
2993
2987
1530
2039
1518
2011
2777
932
926
2005
517
1083
271
265
503
1901
1915
259
2549
1040
1732
1054
2575
2213
2207
2561
1068
2206
1069
2560
2212
1055
2548
1727
258
1900
264
1928
502
1096
1082
270
2762
2004
2010
1519
933
2776
2986
2038
1531
2992
1243
2979
728
2945
1294
700
714
1280
2951
2789
2616
13
1479
2170
2164
847
2602
1323
1445
2158
1337
890
648
2819
884
2831
674
1486
106
1492
660
2825
2372
489
2414
2400
1109
2366
2428
1121
1135
1653
1860
1874
338
310
1684
476
1848
1690
304
474
1686
306
1692
460
448
1876
1123
1645
1651
2358
1137
1679
2364
2402
110
1484
2833
2827
662
1490
104
2199
892
886
138
1447
2628
1321
1335
39
1453
2172
851
689
11
2614
2600
845
1309
2166
702
1296
2947
2953
1282
2984
1255
919
1241
2990
2748
1527
2006
925
2760
2774
931
2012
1094
500
266
272
514
1080
2589
1916
1902
528
2238
1731
1725
1043
2562
299
2204
2210
1719
2576
1718
2211
2577
2563
2205
298
1724
1042
1056
1730
2239
529
1917
273
1081
515
501
267
930
2775
2013
2007
2761
924
1268
2749
2991
1240
1526
1532
918
1254
2985
717
1283
2952
2946
1297
703
1308
2601
2167
2173
2615
10
688
850
38
1334
878
1452
1446
1320
2629
887
893
663
2826
2198
105
1491
1485
2832
677
2365
2403
2371
1678
2359
1650
1888
1136
1122
1644
1877
449
1863
1693
307
461
475
1687
1846
2397
2383
1852
336
450
444
322
2354
1885
2432
2426
1891
1649
2340
1661
2368
493
1107
1113
487
1675
2195
108
1488
2181
2817
652
134
120
646
2803
875
35
1339
2156
2142
861
21
2624
849
1305
691
1463
1477
2618
685
1311
2787
2793
2963
726
732
2977
2744
901
2022
2036
1259
915
2988
2750
1271
1517
1265
929
2585
518
1098
2591
1926
242
524
530
256
2220
1729
2546
2552
2234
281
1715
1073
1067
2208
1701
295
1066
294
1700
2209
280
2553
2235
1728
2221
2547
531
257
525
2590
1099
1927
1933
519
2584
1502
928
1264
2779
1270
1516
2037
2751
2989
1258
900
2745
2023
2976
733
727
2962
2792
1476
1310
684
1304
848
1462
2143
2625
860
1338
34
874
2157
121
2802
653
2816
135
2180
1489
109
2194
486
1112
1674
2369
1660
1106
492
2427
2341
1648
1890
1884
2355
2433
445
323
337
451
1853
2382
2396
1847
2380
1689
1851
309
1845
2394
321
447
453
335
1879
2343
2425
1138
2431
2357
1110
484
2419
490
1104
1662
679
2182
2196
2828
645
2800
123
137
2814
651
889
862
22
2627
2141
1448
2633
36
686
1312
1474
1460
1306
692
2790
2948
719
2784
731
2974
2960
725
916
2753
2035
1528
2021
2747
902
1266
1500
2009
1272
269
2592
2586
1931
1919
255
533
527
2237
2551
1058
2545
2223
1702
296
1064
2579
1070
282
1716
1071
2578
283
1703
1065
2544
2222
2236
1059
2550
526
254
1918
532
2587
1930
268
1924
2593
1515
1273
1267
2008
1501
2020
1529
903
2746
2752
917
2034
724
2961
2975
730
2785
718
1298
2949
1461
2168
693
1307
1313
687
1475
2154
37
877
2632
2626
23
863
1449
2140
136
888
650
2815
2801
644
122
2197
678
1105
491
1663
1677
2418
1111
1139
1887
2356
2342
1893
452
1878
320
446
2395
1844
308
1850
1688
2381
442
324
1868
330
456
2385
318
1854
1698
1840
2391
1115
481
1667
2408
1101
2420
1129
2346
2352
1883
2434
126
640
898
2805
2811
654
132
2187
2839
668
2193
1471
2178
683
1317
1303
697
1465
2144
867
27
2622
2636
873
33
1459
2150
734
2971
2965
720
2795
708
1288
2781
2959
1505
1263
1277
1511
2030
1539
913
2756
2742
2024
536
1908
244
522
2597
1934
278
2583
1061
2568
1707
293
287
1713
1075
2554
2232
2226
1049
2540
2227
2541
1048
2233
1712
286
1074
2569
1060
292
1706
279
1935
2582
2596
245
1909
523
537
251
906
2743
2025
1538
2031
1276
1510
2019
2958
2780
1289
709
2794
721
2964
2970
872
2637
2151
1458
2145
2623
26
866
696
1302
1464
2179
1470
1316
682
669
2192
2838
655
2810
133
127
2804
899
641
1882
2353
2435
1128
2421
2347
1896
1666
1100
494
2409
480
1114
2390
1841
1699
1855
319
2384
331
457
443
1869
325
455
333
327
441
469
1843
2392
2386
496
1102
2379
1670
1116
482
2437
2351
1880
1658
1894
2345
131
2812
657
643
2806
125
2190
1499
119
2184
1466
1300
694
2609
858
680
1314
18
1472
2153
2635
30
1328
24
2621
2147
2966
723
737
2782
2796
1512
1274
938
2769
1260
1506
2741
1248
904
2755
2033
253
535
2580
1089
1937
1923
2594
1076
284
1710
2219
1704
290
1062
2543
2225
1738
2231
2557
2230
1739
2556
2542
2224
291
1705
1063
1077
2218
1711
1922
2595
508
1088
2581
1936
252
534
520
246
2032
2026
905
1249
2740
1261
2768
1513
1275
2797
2783
736
722
2967
2620
25
1329
865
2146
2152
31
2634
19
1315
681
859
1473
1467
2608
695
1301
2185
118
1498
2191
2807
642
124
130
656
2344
1895
2422
2436
1881
2350
1671
483
1117
1103
1856
2387
468
2393
1842
326
440
454
2492
369
1825
1831
433
355
1819
2451
1158
2337
2323
2445
1164
396
1602
3001
2479
1170
2848
2690
95
1399
81
2684
631
2874
2860
625
4
2135
816
56
2653
2647
42
1428
2121
1400
194
2109
1366
1372
180
2082
779
2928
2096
745
2900
2914
989
751
2041
1548
2727
2733
976
1574
1212
786
792
2069
1560
1951
1789
1945
209
2294
547
221
1979
553
2525
1992
2257
1986
1038
2531
584
1010
2519
1776
1762
1004
590
1763
591
1005
2518
1011
585
1777
1987
2256
2530
1039
2524
1993
234
1978
552
546
220
2295
208
1944
1788
1950
2281
793
1561
2068
1575
787
1213
977
2732
2054
1549
2040
963
750
988
2915
2901
744
2929
2097
2083
778
1373
1415
181
2108
195
1401
1367
43
803
2646
2120
1429
2134
5
2652
57
624
2861
142
156
2875
630
80
1398
2691
2849
3000
1171
2478
1165
1603
397
2322
2444
1159
2450
2336
340
432
1818
1830
2487
2493
1824
368
2485
418
1832
1826
1198
2491
424
342
356
2320
1629
2334
2452
1173
3002
2308
395
1601
1167
82
2693
96
168
140
626
632
2122
2644
801
41
815
55
1359
2650
2888
7
2136
183
1417
1371
2678
69
1365
197
2095
1588
2081
2917
752
746
2903
2056
2730
1239
975
961
2724
2042
1563
791
949
2718
1211
1577
1946
2297
2283
1952
578
550
222
544
2532
2254
1985
1749
1991
2240
2526
1007
593
1761
1775
587
1013
1774
1012
586
1006
2269
2241
1990
1748
2527
2533
1984
2255
223
545
551
1953
2282
579
2296
1947
784
1210
2719
1576
1562
948
790
2725
960
2043
2057
974
1238
2731
2902
753
2916
2080
1589
2094
1364
196
1402
1416
182
2679
1370
2889
2651
1358
54
814
2137
6
2123
40
800
2645
2876
633
155
141
627
2862
97
2692
169
2686
83
1600
394
1172
3003
1614
2453
2447
1628
2321
431
425
343
1827
2490
1199
2484
1833
347
435
353
1837
2480
1189
409
1823
1610
2319
3007
1604
2325
1638
2331
2866
623
145
151
2872
87
2682
179
838
1374
78
186
1412
1406
192
2669
1360
2641
2899
804
44
2127
2133
810
50
2655
2912
757
743
2906
2090
1599
2084
794
1200
2709
1566
1572
1214
780
958
2735
970
2053
2047
1228
964
2721
233
555
541
227
1943
2292
569
2286
1957
1764
1002
596
582
2279
1770
1758
1980
2537
2523
1994
2245
2522
2244
1995
1981
1759
2250
2536
583
1771
2278
1765
597
1956
2287
2293
1942
568
540
226
232
554
2046
2720
965
1229
971
2052
1573
959
1215
2708
1201
795
1567
2085
2091
2907
742
756
2913
2132
3
2654
51
811
805
2898
2640
193
1407
1361
2668
79
1375
839
1413
187
2697
2683
86
2873
636
622
2867
144
2456
2330
1639
2324
2442
1605
3006
2318
1611
1177
2495
408
1836
434
352
346
420
350
436
344
1808
2497
2483
378
1834
3010
1607
1161
2468
1175
1613
3004
2332
2454
1149
2440
2326
634
2871
152
146
620
2695
608
1388
84
2859
2681
1363
1405
191
2118
185
1377
813
53
2656
1
1439
2124
2642
807
47
998
740
2905
2911
754
2939
2087
2093
768
1217
783
1571
2078
1565
797
2722
2044
1559
2050
2736
973
1968
542
556
2285
1954
218
1940
1798
2291
1773
581
1015
2508
1001
1767
1997
2246
1029
2534
2252
1983
2535
1982
2253
2247
1996
1028
2521
594
1000
2509
1766
1772
1014
2290
1799
1941
219
1955
2284
557
225
1969
543
1558
972
2737
2723
966
2045
1564
1202
796
782
1216
2079
1570
2092
769
2938
2086
755
2910
2904
741
999
2125
46
806
2643
2657
812
1438
2131
184
2119
1376
1362
190
2680
85
1389
609
2694
147
621
2864
2870
635
153
2441
1148
2327
2333
2455
1174
3005
1612
1606
2469
1160
2482
1835
1821
2496
345
351
